D = [-0.1123360865515581, 0.15727010922500517, 0.0009943030562494623, 0.002233383644457514, 0.0]
K = [780.0244921130902, 0.0, 359.34538556459876, 0.0, 780.5417736782695, 242.56972274327322, 0.0, 0.0, 1.0]
R = [1.0, 0.0, 0.0, 0.0, 1.0, 0.0, 0.0, 0.0, 1.0]
P = [767.80322265625, 0.0, 361.0475975850277, 0.0, 0.0, 773.222412109375, 242.84099798951502, 0.0, 0.0, 0.0, 1.0, 0.0]
None
# oST version 5.0 parameters


[image]

width
640

height
480

[narrow_stereo]

camera matrix
780.024492 0.000000 359.345386
0.000000 780.541774 242.569723
0.000000 0.000000 1.000000

distortion
-0.112336 0.157270 0.000994 0.002233 0.000000

rectification
1.000000 0.000000 0.000000
0.000000 1.000000 0.000000
0.000000 0.000000 1.000000

projection
767.803223 0.000000 361.047598 0.000000
0.000000 773.222412 242.840998 0.000000
0.000000 0.000000 1.000000 0.000000

